Approximate Pattern Mathing: looking for 2 pattern(s) in file ../dna/chr22.fa w/ distance of 2 (function called: mpi_data_split)
6479356 11014905 11014906 12958712
25917424 30452973 30452974 32396780
12958712 17494261 17494262 19438068
19438068 23973617 23973618 25917424
38876136 43411685 43411686 45355492
32396780 36932329 36932330 38876136
0 4535549 4535550 6479356
45355492 49891039 49891040 51834845
Number of matches for pattern <AABCCC>: 296393
Number of matches for pattern <ABBCCC>: 88065
APM done in 0.849420 s
Approximate Pattern Mathing: looking for 3 pattern(s) in file ../dna/chr22.fa w/ distance of 2 (function called: mpi_data_split)
45355492 49891039 49891040 51834845
38876136 43411685 43411686 45355492
32396780 36932329 36932330 38876136
25917424 30452973 30452974 32396780
19438068 23973617 23973618 25917424
12958712 17494261 17494262 19438068
6479356 11014905 11014906 12958712
0 4535549 4535550 6479356
Number of matches for pattern <AABCCCacdddv>: 2
Number of matches for pattern <ABBCCCdfdsvvv>: 2
Number of matches for pattern <aaaaaa>: 1613203
APM done in 2.955622 s
Approximate Pattern Mathing: looking for 1 pattern(s) in file ../dna/chr22.fa w/ distance of 2 (function called: mpi_data_split)
19438068 23973617 23973618 25917424
38876136 43411685 43411686 45355492
12958712 17494261 17494262 19438068
45355492 49891039 49891040 51834845
0 4535549 4535550 6479356
32396780 36932329 36932330 38876136
25917424 30452973 30452974 32396780
6479356 11014905 11014906 12958712
Number of matches for pattern <CDASDSA>: 2
APM done in 0.636141 s
Approximate Pattern Mathing: looking for 2 pattern(s) in file ../dna/chr22.fa w/ distance of 2 (function called: mpi_data_split)
start index: 25917424, end index: 32396780
start index: 32396780, end index: 38876136
start index: 38876136, end index: 45355492
start index: 45355492, end index: 51834845
start index: 6479356, end index: 12958712
start index: 0, end index: 6479356
start index: 19438068, end index: 25917424
start index: 12958712, end index: 19438068
Number of matches for pattern <AABCCC>: 296393
Number of matches for pattern <ABBCCC>: 88065
APM done in 1.731930 s
Approximate Pattern Mathing: looking for 3 pattern(s) in file ../dna/chr22.fa w/ distance of 2 (function called: mpi_data_split)
start index: 12958712, end index: 19438068
start index: 19438068, end index: 25917424
start index: 0, end index: 6479356
start index: 6479356, end index: 12958712
start index: 32396780, end index: 38876136
start index: 25917424, end index: 32396780
start index: 45355492, end index: 51834845
start index: 38876136, end index: 45355492
Number of matches for pattern <AABCCCacdddv>: 2
Number of matches for pattern <ABBCCCdfdsvvv>: 2
Number of matches for pattern <aaaaaa>: 1613203
APM done in 7.929172 s
Approximate Pattern Mathing: looking for 1 pattern(s) in file ../dna/chr22.fa w/ distance of 2 (function called: mpi_data_split)
start index: 6479356, end index: 12958712
start index: 12958712, end index: 19438068
start index: 0, end index: 6479356
start index: 19438068, end index: 25917424
start index: 25917424, end index: 32396780
start index: 32396780, end index: 38876136
start index: 38876136, end index: 45355492
start index: 45355492, end index: 51834845
Number of matches for pattern <CDASDSA>: 2
APM done in 1.205039 s
