Approximate Pattern Mathing: looking for 2 pattern(s) in file ../dna/chr22.fa w/ distance of 2 (function called: mpi_data_split)
25917424 30452973 30452974 32396780
19438068 23973617 23973618 25917424
38876136 43411685 43411686 45355492
6479356 11014905 11014906 12958712
45355492 49891039 49891040 51834845
0 4535549 4535550 6479356
32396780 36932329 36932330 38876136
12958712 17494261 17494262 19438068
Number of matches for pattern <AABCCC>: 296393
Number of matches for pattern <ABBCCC>: 88065
APM done in 1.318398 s
Approximate Pattern Mathing: looking for 3 pattern(s) in file ../dna/chr22.fa w/ distance of 2 (function called: mpi_data_split)
19438068 23973617 23973618 25917424
38876136 43411685 43411686 45355492
12958712 17494261 17494262 19438068
25917424 30452973 30452974 32396780
6479356 11014905 11014906 12958712
32396780 36932329 36932330 38876136
45355492 49891039 49891040 51834845
0 4535549 4535550 6479356
Number of matches for pattern <AABCCCacdddv>: 2
Number of matches for pattern <ABBCCCdfdsvvv>: 2
Number of matches for pattern <aaaaaa>: 1613203
APM done in 2.967986 s
Approximate Pattern Mathing: looking for 1 pattern(s) in file ../dna/chr22.fa w/ distance of 2 (function called: mpi_data_split)
38876136 43411685 43411686 45355492
25917424 30452973 30452974 32396780
45355492 49891039 49891040 51834845
6479356 11014905 11014906 12958712
19438068 23973617 23973618 25917424
12958712 17494261 17494262 19438068
0 4535549 4535550 6479356
32396780 36932329 36932330 38876136
Number of matches for pattern <CDASDSA>: 2
APM done in 0.619355 s
